0.000000 1.000000 1.000000
0.002000 1.000000 1.000000
0.003000 0.986000 0.700626
0.004000 0.955000 0.670705
0.005000 0.979333 0.880903
0.006000 0.958000 0.486812
0.007000 0.986000 0.775269
0.008000 0.961667 0.564749
0.009000 0.986000 0.677582
0.010000 0.989667 0.841113
0.011000 0.948333 0.500255
0.012000 0.963000 0.568499
0.013000 0.953667 0.496713
0.014000 0.950000 0.484529
0.015000 0.987333 0.633889
0.016000 0.930667 0.436630
0.017000 0.972000 0.614505
0.018000 0.961000 0.524079
0.019000 0.961667 0.547315
0.020000 0.947667 0.464834
0.021000 0.955000 0.605705
0.022000 0.918333 0.360002
0.023000 0.941667 0.374851
0.024000 0.943000 0.449853
0.025000 0.945333 0.488263
0.026000 0.927000 0.399418
0.027000 0.907667 0.330071
0.028000 0.907000 0.403408
0.029000 0.910667 0.376764
0.030000 0.889667 0.343166
0.031000 0.887000 0.372194
0.032000 0.920333 0.348923
0.033000 0.930000 0.394206
0.034000 0.876667 0.335984
0.035000 0.895333 0.352737
0.036000 0.920667 0.441053
0.037000 0.948333 0.442406
0.038000 0.871667 0.308269
0.039000 0.890667 0.388737
0.040000 0.923000 0.388178
0.041000 0.913333 0.334566
0.042000 0.896333 0.338210
0.043000 0.921000 0.422416
0.044000 0.932333 0.368303
0.045000 0.865333 0.306750
0.046000 0.890000 0.332190
0.047000 0.814333 0.297170
0.048000 0.870333 0.306790
0.049000 0.884333 0.334507
0.050000 0.856667 0.291907
0.051000 0.906667 0.369570
0.052000 0.861000 0.289149
0.053000 0.880000 0.329931
0.054000 0.816667 0.282778
0.055000 0.859667 0.300018
0.056000 0.833333 0.283576
0.057000 0.899667 0.310489
0.058000 0.817333 0.272269
0.059000 0.828000 0.282570
0.060000 0.836000 0.276760
0.061000 0.842000 0.275727
0.062000 0.833667 0.286517
0.063000 0.816333 0.281798
0.064000 0.804000 0.265550
0.065000 0.844000 0.302087
0.066000 0.800667 0.277550
0.067000 0.798429 0.248265
0.068000 0.798667 0.252168
0.069000 0.809333 0.263822
0.070000 0.810667 0.263644
0.071000 0.835000 0.267192
0.072000 0.790000 0.262982
0.073000 0.833667 0.265838
0.074000 0.793667 0.256927
0.075000 0.829095 0.267859
0.076000 0.787333 0.268299
0.077000 0.792333 0.250507
0.078000 0.788333 0.287259
0.079000 0.802333 0.250487
0.080000 0.820000 0.269434
0.081000 0.769000 0.237410
0.082000 0.767667 0.255194
0.083000 0.833667 0.283202
0.084000 0.802000 0.268646
0.085000 0.712667 0.237095
0.086000 0.758667 0.244933
0.087000 0.784333 0.270527
0.088000 0.773000 0.253481
0.089000 0.736667 0.242709
0.090000 0.790000 0.264653
0.091000 0.779333 0.253145
0.092000 0.729000 0.237404
0.093000 0.738667 0.241212
0.094000 0.707333 0.230861
0.095000 0.762952 0.233618
0.096000 0.759333 0.255477
0.097000 0.721667 0.241202
0.098000 0.718714 0.229917
0.099000 0.749333 0.236042
0.100000 0.740000 0.235931
0.101000 0.750000 0.239400
0.102000 0.708000 0.244267
0.103000 0.798667 0.263788
0.104000 0.715000 0.235024
0.105000 0.735095 0.244317
0.106000 0.761667 0.242325
0.107000 0.705000 0.232402
0.108000 0.795333 0.255772
0.109000 0.814667 0.257287
0.110000 0.778000 0.241150
0.111000 0.670000 0.231677
0.112000 0.645429 0.214505
0.113000 0.713333 0.241448
0.114000 0.701333 0.227929
0.115000 0.706333 0.226285
0.116000 0.672238 0.215943
0.117000 0.697762 0.218780
0.118000 0.708000 0.218885
0.119000 0.706333 0.237040
0.120000 0.742667 0.241915
0.121000 0.763000 0.256804
0.122000 0.715667 0.229727
0.123000 0.702667 0.232234
0.124000 0.642667 0.227719
0.125000 0.680667 0.219836
0.126000 0.739333 0.239539
0.127000 0.636333 0.211283
0.128000 0.636667 0.225315
0.129000 0.738667 0.238083
0.130000 0.619333 0.210178
0.131000 0.725000 0.231891
0.132000 0.753286 0.229028
0.133000 0.721000 0.237345
0.134000 0.645333 0.213699
0.135000 0.717667 0.223778
0.136000 0.712000 0.218552
0.137000 0.712048 0.232766
0.138000 0.637000 0.212855
0.139000 0.693214 0.221036
0.140000 0.586333 0.214610
0.141000 0.732762 0.222115
0.142000 0.702095 0.218273
0.143000 0.664000 0.214725
0.144000 0.666000 0.229105
0.145000 0.651333 0.220232
0.146000 0.681333 0.218875
0.147000 0.670667 0.223158
0.148000 0.578429 0.210335
0.149000 0.616333 0.215723
0.150000 0.596333 0.207418
0.151000 0.662000 0.223966
0.152000 0.601000 0.214711
0.153000 0.646333 0.217796
0.154000 0.649333 0.213673
0.155000 0.573286 0.204945
0.156000 0.661762 0.215812
0.157000 0.632762 0.212796
0.158000 0.633024 0.228305
0.159000 0.644667 0.213756
0.160000 0.539333 0.195806
0.161000 0.648095 0.209935
0.162000 0.593476 0.206945
0.163000 0.549095 0.202398
0.164000 0.620000 0.208947
0.165000 0.624667 0.208699
0.166000 0.593667 0.210784
0.167000 0.609667 0.209537
0.168000 0.624095 0.203861
0.169000 0.508000 0.196578
0.170000 0.600333 0.211602
0.171000 0.561190 0.200063
0.172000 0.610738 0.206400
0.173000 0.562333 0.201897
0.174000 0.561667 0.207160
0.175000 0.625762 0.207032
0.176000 0.580667 0.205838
0.177000 0.631667 0.216224
0.178000 0.580762 0.199956
0.179000 0.655286 0.211913
0.180000 0.561333 0.199881
0.181000 0.623952 0.206024
0.182000 0.573357 0.202200
0.183000 0.564738 0.200129
0.184000 0.545762 0.201697
0.185000 0.569333 0.202558
0.186000 0.622619 0.203634
0.187000 0.593667 0.210226
0.188000 0.571000 0.194782
0.189000 0.553333 0.200378
0.190000 0.531667 0.198651
0.191000 0.562667 0.204907
0.192000 0.683429 0.211834
0.193000 0.550905 0.206917
0.194000 0.566905 0.200178
0.195000 0.566000 0.202349
0.196000 0.585000 0.201350
0.197000 0.540667 0.197838
0.198000 0.497143 0.198941
0.199000 0.576810 0.197186
0.200000 0.478952 0.187816
0.201000 0.595000 0.207950
0.202000 0.599333 0.204416
0.203000 0.540857 0.198897
0.204000 0.608667 0.200667
0.205000 0.520000 0.194040
0.206000 0.543524 0.193380
0.207000 0.495143 0.189887
0.208000 0.552762 0.197535
0.209000 0.568333 0.198434
0.210000 0.472952 0.189485
0.211000 0.614333 0.202267
0.212000 0.532667 0.198600
0.213000 0.551143 0.196774
0.214000 0.540429 0.195564
0.215000 0.517024 0.195002
0.216000 0.488238 0.197871
0.217000 0.505429 0.189895
0.218000 0.531810 0.193230
0.219000 0.528476 0.196182
0.220000 0.500381 0.194925
0.221000 0.576333 0.198244
0.222000 0.454071 0.184762
0.223000 0.526262 0.192453
0.224000 0.445762 0.187857
0.225000 0.483500 0.189851
0.226000 0.416524 0.185319
0.227000 0.526333 0.194624
0.228000 0.467833 0.191057
0.229000 0.539667 0.197859
0.230000 0.434095 0.185768
0.231000 0.479548 0.189040
0.232000 0.434000 0.188681
0.233000 0.520667 0.187257
0.234000 0.420476 0.188085
0.235000 0.511000 0.196764
0.236000 0.464333 0.188691
0.237000 0.409905 0.186535
0.238000 0.461905 0.189968
0.239000 0.498905 0.197754
0.240000 0.500190 0.190707
0.241000 0.464762 0.188796
0.242000 0.426000 0.185808
0.243000 0.444357 0.190176
0.244000 0.457119 0.183111
0.245000 0.512571 0.191939
0.246000 0.485524 0.185354
0.247000 0.460357 0.188842
0.248000 0.492810 0.185915
0.249000 0.444000 0.187549
0.250000 0.500286 0.195048
0.251000 0.438603 0.187836
0.252000 0.458143 0.185727
0.253000 0.474190 0.187471
0.254000 0.496190 0.194440
0.255000 0.457286 0.188982
0.256000 0.420500 0.180325
0.257000 0.438024 0.187713
0.258000 0.420143 0.184624
0.259000 0.382048 0.182556
0.260000 0.428571 0.186374
0.261000 0.475167 0.189855
0.262000 0.465357 0.183246
0.263000 0.443643 0.186996
0.264000 0.453238 0.185307
0.265000 0.403286 0.180800
0.266000 0.419000 0.184444
0.267000 0.400857 0.186255
0.268000 0.488238 0.184022
0.269000 0.412524 0.182376
0.270000 0.429333 0.187366
0.271000 0.426524 0.184772
0.272000 0.374381 0.183212
0.273000 0.371333 0.185170
0.274000 0.476429 0.186574
0.275000 0.531571 0.190881
0.276000 0.411667 0.185450
0.277000 0.373762 0.183012
0.278000 0.397619 0.184384
0.279000 0.427333 0.187707
0.280000 0.382381 0.182701
0.281000 0.306143 0.176139
0.282000 0.361476 0.181509
0.283000 0.419095 0.185129
0.284000 0.313238 0.177941
0.285000 0.386667 0.184164
0.286000 0.445000 0.180616
0.287000 0.425810 0.182297
0.288000 0.401540 0.176331
0.289000 0.355190 0.179523
0.290000 0.461429 0.182020
0.291000 0.422905 0.185608
0.292000 0.327000 0.176388
0.293000 0.330698 0.174790
0.294000 0.442667 0.184749
0.295000 0.430238 0.181006
0.296000 0.348429 0.178842
0.297000 0.451952 0.183461
0.298000 0.348143 0.177214
0.299000 0.308667 0.175206
0.300000 0.374667 0.178176
0.301000 0.369357 0.177596
0.302000 0.373857 0.176002
0.303000 0.359381 0.180315
0.304000 0.391333 0.180552
0.305000 0.325897 0.176301
0.306000 0.381762 0.176776
0.307000 0.320294 0.173475
0.308000 0.426143 0.184725
0.309000 0.320476 0.176931
0.310000 0.261214 0.173135
0.311000 0.301429 0.177622
0.312000 0.282095 0.175295
0.313000 0.339381 0.175592
0.314000 0.413095 0.179626
0.315000 0.296095 0.175376
0.316000 0.296333 0.174754
0.317000 0.419714 0.179582
0.318000 0.304143 0.175822
0.319000 0.411762 0.177962
0.320000 0.356810 0.176685
0.321000 0.379381 0.180396
0.322000 0.340619 0.179564
0.323000 0.333429 0.175739
0.324000 0.367333 0.174511
0.325000 0.386833 0.180438
0.326000 0.328333 0.179911
0.327000 0.382167 0.177737
0.328000 0.443952 0.181758
0.329000 0.354048 0.176188
0.330000 0.366333 0.175539
0.331000 0.361214 0.176966
0.332000 0.261143 0.173382
0.333000 0.371333 0.178188
0.334000 0.260190 0.174451
0.335000 0.349190 0.178392
0.336000 0.334095 0.174550
0.337000 0.414714 0.177194
0.338000 0.343429 0.175909
0.339000 0.277143 0.171400
0.340000 0.204667 0.167446
0.341000 0.328381 0.173057
0.342000 0.337238 0.178000
0.343000 0.403500 0.179115
0.344000 0.322429 0.173626
0.345000 0.359214 0.175891
0.346000 0.321571 0.175743
0.347000 0.300690 0.173901
0.348000 0.351405 0.178337
0.349000 0.311238 0.176097
0.350000 0.368452 0.178638
0.351000 0.305857 0.173608
0.352000 0.310238 0.173657
0.353000 0.257238 0.175162
0.354000 0.317286 0.173103
0.355000 0.258905 0.168572
0.356000 0.346381 0.178426
0.357000 0.247476 0.170317
0.358000 0.315190 0.175333
0.359000 0.276643 0.174244
0.360000 0.228333 0.171141
0.361000 0.336952 0.172830
0.362000 0.284762 0.172679
0.363000 0.265397 0.173739
0.364000 0.320381 0.176669
0.365000 0.329286 0.174549
0.366000 0.339524 0.176897
0.367000 0.279095 0.177020
0.368000 0.286548 0.172651
0.369000 0.266571 0.171640
0.370000 0.271238 0.171172
0.371000 0.246000 0.170871
0.372000 0.258190 0.171360
0.373000 0.304619 0.174402
0.374000 0.283857 0.169358
0.375000 0.330429 0.175507
0.376000 0.283738 0.170733
0.377000 0.204690 0.166236
0.378000 0.325048 0.176095
0.379000 0.223143 0.170533
0.380000 0.215238 0.168810
0.381000 0.245929 0.169867
0.382000 0.269286 0.175497
0.383000 0.199929 0.169087
0.384000 0.288857 0.171305
0.385000 0.226476 0.169200
0.386000 0.209849 0.169083
0.387000 0.280429 0.170705
0.388000 0.209429 0.167644
0.389000 0.207587 0.169002
0.390000 0.200667 0.169620
0.391000 0.229167 0.170313
0.392000 0.235310 0.169368
0.393000 0.216214 0.166685
0.394000 0.290619 0.173549
0.395000 0.226762 0.172640
0.396000 0.313571 0.172374
0.397000 0.190587 0.166883
0.398000 0.231571 0.167840
0.399000 0.293786 0.171438
0.400000 0.308429 0.173483
0.401000 0.231857 0.169032
0.402000 0.230524 0.168921
0.403000 0.236214 0.169911
0.404000 0.295714 0.171681
0.405000 0.306905 0.171287
0.406000 0.184238 0.169673
0.407000 0.276190 0.172234
0.408000 0.207619 0.165895
0.409000 0.280048 0.170281
0.410000 0.235667 0.171196
0.411000 0.194881 0.167014
0.412000 0.165500 0.166281
0.413000 0.239429 0.170788
0.414000 0.211048 0.168923
0.415000 0.286000 0.173974
0.416000 0.227095 0.168681
0.417000 0.243429 0.169212
0.418000 0.316571 0.172824
0.419000 0.198167 0.167022
0.420000 0.215429 0.168457
0.421000 0.226524 0.169729
0.422000 0.229310 0.166469
0.423000 0.221333 0.167877
0.424000 0.219786 0.168145
0.425000 0.245857 0.168202
0.426000 0.314905 0.173339
0.427000 0.313135 0.171588
0.428000 0.256048 0.170875
0.429000 0.243238 0.167796
0.430000 0.194214 0.166554
0.431000 0.221143 0.167517
0.432000 0.247238 0.169784
0.433000 0.218619 0.168259
0.434000 0.209619 0.168721
0.435000 0.246667 0.171624
0.436000 0.162238 0.166867
0.437000 0.236238 0.166717
0.438000 0.217976 0.167448
0.439000 0.272905 0.170653
0.440000 0.254452 0.167727
0.441000 0.174738 0.166618
0.442000 0.250810 0.168253
0.443000 0.204000 0.169281
0.444000 0.276667 0.172735
0.445000 0.225817 0.165840
0.446000 0.210286 0.167493
0.447000 0.153278 0.164549
0.448000 0.188310 0.167335
0.449000 0.188556 0.169242
0.450000 0.168429 0.165875
0.451000 0.166952 0.164901
0.452000 0.149595 0.167168
0.453000 0.181571 0.162061
0.454000 0.225381 0.168909
0.455000 0.181690 0.166150
0.456000 0.198262 0.167099
0.457000 0.149643 0.165242
0.458000 0.228238 0.168966
0.459000 0.198349 0.167733
0.460000 0.133048 0.165691
0.461000 0.197365 0.168891
0.462000 0.179714 0.166499
0.463000 0.147119 0.166390
0.464000 0.187262 0.164756
0.465000 0.280476 0.170507
0.466000 0.181286 0.166202
0.467000 0.276270 0.170794
0.468000 0.220611 0.165390
0.469000 0.218571 0.169739
0.470000 0.196429 0.163731
0.471000 0.221190 0.169634
0.472000 0.202476 0.167711
0.473000 0.132452 0.162568
0.474000 0.146238 0.165446
0.475000 0.226095 0.168919
0.476000 0.183095 0.166491
0.477000 0.163524 0.166592
0.478000 0.141857 0.163244
0.479000 0.184143 0.167119
0.480000 0.146286 0.163590
0.481000 0.164310 0.164572
0.482000 0.153619 0.164343
0.483000 0.176048 0.165014
0.484000 0.189024 0.165564
0.485000 0.181667 0.164980
0.486000 0.134944 0.160558
0.487000 0.187952 0.166121
0.488000 0.126476 0.164065
0.489000 0.164571 0.164626
0.490000 0.095833 0.163222
0.491000 0.185643 0.166861
0.492000 0.164476 0.164632
0.493000 0.162619 0.166871
0.494000 0.186317 0.162630
0.495000 0.169183 0.165042
0.496000 0.172349 0.164663
0.497000 0.129119 0.163634
0.498000 0.153595 0.165121
0.499000 0.151865 0.162127
0.500000 0.144429 0.164422
0.501000 0.122048 0.162745
0.502000 0.108310 0.162638
0.503000 0.136214 0.164347
0.504000 0.127929 0.164588
0.505000 0.200857 0.164071
0.506000 0.141952 0.163386
0.507000 0.180095 0.166370
0.508000 0.132524 0.162626
0.509000 0.199238 0.165626
0.510000 0.177881 0.167333
0.511000 0.154333 0.164428
0.512000 0.213190 0.165784
0.513000 0.156190 0.164574
0.514000 0.108595 0.164079
0.515000 0.134000 0.163481
0.516000 0.096952 0.162513
0.517000 0.160762 0.164869
0.518000 0.153000 0.166558
0.519000 0.173548 0.163574
0.520000 0.124167 0.163663
0.521000 0.102595 0.163685
0.522000 0.218595 0.166937
0.523000 0.132071 0.161697
0.524000 0.115810 0.163196
0.525000 0.167833 0.165663
0.526000 0.128167 0.163875
0.527000 0.172667 0.165212
0.528000 0.168738 0.163923
0.529000 0.181603 0.163487
0.530000 0.118619 0.161523
0.531000 0.115310 0.164087
0.532000 0.187024 0.163469
0.533000 0.104333 0.162349
0.534000 0.147587 0.163224
0.535000 0.077262 0.161099
0.536000 0.204063 0.163733
0.537000 0.127460 0.163798
0.538000 0.171690 0.164424
0.539000 0.052230 0.161394
0.540000 0.113167 0.161475
0.541000 0.133429 0.164172
0.542000 0.153762 0.164608
0.543000 0.107095 0.163396
0.544000 0.174730 0.163444
0.545000 0.066619 0.160857
0.546000 0.117333 0.161216
0.547000 0.087643 0.161305
0.548000 0.177667 0.165180
0.549000 0.150452 0.164240
0.550000 0.113857 0.163162
0.551000 0.134119 0.163570
0.552000 0.093810 0.162610
0.553000 0.116778 0.161071
0.554000 0.078476 0.161374
0.555000 0.162762 0.163586
0.556000 0.091524 0.160960
0.557000 0.098619 0.161473
0.558000 0.130175 0.162356
0.559000 0.102952 0.162739
0.560000 0.134865 0.161192
0.561000 0.125357 0.162166
0.562000 0.142095 0.163190
0.563000 0.110262 0.161467
0.564000 0.095286 0.163917
0.565000 0.089476 0.161937
0.566000 0.152048 0.165360
0.567000 0.111048 0.162016
0.568000 0.091476 0.161776
0.569000 0.135143 0.162909
0.570000 0.072238 0.160493
0.571000 0.121071 0.163038
0.572000 0.127452 0.160390
0.573000 0.110976 0.162125
0.574000 0.140786 0.160356
0.575000 0.137698 0.163750
0.576000 0.115286 0.162414
0.577000 0.108571 0.161679
0.578000 0.105452 0.161665
0.579000 0.101873 0.163699
0.580000 0.084429 0.161877
0.581000 0.132952 0.164410
0.582000 0.083000 0.160442
0.583000 0.128048 0.161339
0.584000 0.067040 0.161123
0.585000 0.094889 0.161053
0.586000 0.086659 0.159828
0.587000 0.091476 0.161465
0.588000 0.141214 0.163457
0.589000 0.114714 0.162861
0.590000 0.082381 0.163335
0.591000 0.111976 0.160986
0.592000 0.117706 0.162772
0.593000 0.092286 0.162048
0.594000 0.113571 0.162309
0.595000 0.062643 0.159218
0.596000 0.059167 0.161293
0.597000 0.127921 0.161428
0.598000 0.067952 0.162016
0.599000 0.078952 0.159610
0.600000 0.059048 0.160626
0.601000 0.061976 0.160772
0.602000 0.099667 0.160792
0.603000 0.081786 0.158798
0.604000 0.096714 0.162250
0.605000 0.099857 0.162059
0.606000 0.109429 0.161541
0.607000 0.085286 0.163242
0.608000 0.116500 0.161915
0.609000 0.069905 0.161463
0.610000 0.074929 0.160071
0.611000 0.087151 0.160412
0.612000 0.095365 0.161937
0.613000 0.050090 0.159408
0.614000 0.084333 0.160788
0.615000 0.136524 0.164125
0.616000 0.062310 0.161440
0.617000 0.113405 0.161950
0.618000 0.103333 0.164095
0.619000 0.065548 0.159729
0.620000 0.116310 0.161291
0.621000 0.114952 0.160980
0.622000 0.099619 0.160913
0.623000 0.091476 0.159667
0.624000 0.052286 0.160901
0.625000 0.074952 0.159679
0.626000 0.079921 0.160685
0.627000 0.088690 0.162073
0.628000 0.079238 0.160871
0.629000 0.091825 0.160196
0.630000 0.140786 0.164137
0.631000 0.151000 0.162541
0.632000 0.122071 0.163610
0.633000 0.100595 0.162459
0.634000 0.107302 0.160808
0.635000 0.067548 0.159596
0.636000 0.090611 0.161790
0.637000 0.045810 0.159810
0.638000 0.045143 0.160291
0.639000 0.028929 0.159343
0.640000 0.035524 0.159758
0.641000 0.067723 0.158745
0.642000 0.061571 0.159650
0.643000 0.050190 0.160754
0.644000 0.046286 0.160093
0.645000 0.142754 0.162065
0.646000 0.100167 0.159954
0.647000 0.085571 0.161061
0.648000 0.053714 0.159323
0.649000 0.072762 0.161352
0.650000 0.092571 0.160131
0.651000 0.078460 0.160903
0.652000 0.074952 0.159984
0.653000 0.067119 0.160483
0.654000 0.071183 0.159117
0.655000 0.075286 0.161451
0.656000 0.066349 0.158374
0.657000 0.053222 0.158812
0.658000 0.061286 0.160457
0.659000 0.059429 0.159788
0.660000 0.082310 0.160657
0.661000 0.028286 0.159236
0.662000 0.054286 0.160091
0.663000 0.119190 0.161139
0.664000 0.067429 0.160093
0.665000 0.033857 0.159586
0.666000 0.042714 0.158174
0.667000 0.049310 0.159671
0.668000 0.055833 0.160539
0.669000 0.089690 0.161244
0.670000 0.055952 0.160016
0.671000 0.071714 0.159832
0.672000 0.046571 0.158190
0.673000 0.058468 0.158964
0.674000 0.055286 0.159804
0.675000 0.078762 0.159293
0.676000 0.056119 0.161925
0.677000 0.070357 0.161644
0.678000 0.077881 0.160196
0.679000 0.080429 0.160481
0.680000 0.071095 0.160030
0.681000 0.075833 0.162382
0.682000 0.092587 0.159653
0.683000 0.041095 0.159230
0.684000 0.058071 0.159552
0.685000 0.030667 0.158958
0.686000 0.058619 0.158554
0.687000 0.032333 0.159323
0.688000 0.073524 0.161323
0.689000 0.043024 0.159212
0.690000 0.064286 0.159139
0.691000 0.071119 0.159255
0.692000 0.055857 0.158733
0.693000 0.073262 0.160050
0.694000 0.051476 0.160432
0.695000 0.027667 0.158446
0.696000 0.039548 0.159065
0.697000 0.069619 0.162315
0.698000 0.045000 0.158733
0.699000 0.016881 0.158628
0.700000 0.048286 0.159364
0.701000 0.044405 0.159018
0.702000 0.022619 0.157521
0.703000 0.055381 0.158966
0.704000 0.053690 0.160168
0.705000 0.086929 0.159691
0.706000 0.043262 0.160160
0.707000 0.044405 0.158859
0.708000 0.049286 0.161483
0.709000 0.049373 0.159390
0.710000 0.057873 0.159800
0.711000 0.077071 0.159125
0.712000 0.059905 0.159677
0.713000 0.042048 0.159566
0.714000 0.062286 0.158483
0.715000 0.045333 0.159879
0.716000 0.051508 0.159267
0.717000 0.064476 0.161358
0.718000 0.077524 0.160806
0.719000 0.054810 0.160960
0.720000 0.011690 0.158004
0.721000 0.073571 0.159356
0.722000 0.032302 0.158996
0.723000 0.032667 0.159244
0.724000 0.056571 0.159087
0.725000 0.034643 0.158212
0.726000 0.059667 0.159848
0.727000 0.067571 0.160426
0.728000 0.041357 0.159071
0.729000 0.047143 0.159386
0.730000 0.034262 0.160850
0.731000 0.042984 0.158150
0.732000 0.026881 0.157905
0.733000 0.027476 0.159675
0.734000 0.032286 0.159034
0.735000 0.030754 0.157228
0.736000 0.080095 0.158222
0.737000 0.051095 0.162756
0.738000 0.047571 0.159347
0.739000 0.040611 0.157834
0.740000 0.033857 0.158323
0.741000 0.029810 0.159283
0.742000 0.044690 0.158321
0.743000 0.033444 0.157206
0.744000 0.047333 0.160584
0.745000 0.020190 0.159053
0.746000 0.046429 0.158901
0.747000 0.044429 0.159255
0.748000 0.046548 0.159434
0.749000 0.032500 0.158168
0.750000 0.054643 0.158055
0.751000 0.075952 0.158646
0.752000 0.044929 0.159368
0.753000 0.044833 0.157620
0.754000 0.050405 0.160303
0.755000 0.040095 0.157535
0.756000 0.036643 0.158810
0.757000 0.097667 0.159277
0.758000 0.045690 0.159263
0.759000 0.043667 0.158378
0.760000 0.052429 0.157691
0.761000 0.047984 0.158515
0.762000 0.063595 0.158756
0.763000 0.031794 0.157450
0.764000 0.065667 0.159608
0.765000 0.049897 0.160022
0.766000 0.037944 0.157218
0.767000 0.029619 0.158523
0.768000 0.023643 0.158632
0.769000 0.027357 0.158543
0.770000 0.029810 0.158392
0.771000 0.028429 0.159578
0.772000 0.075714 0.160440
0.773000 0.015333 0.158079
0.774000 0.077286 0.159089
0.775000 0.054643 0.159206
0.776000 0.040571 0.156402
0.777000 0.036500 0.159782
0.778000 0.037000 0.157691
0.779000 0.029619 0.159788
0.780000 0.037603 0.157511
0.781000 0.021714 0.156729
0.782000 0.061905 0.156824
0.783000 0.039619 0.158467
0.784000 0.057333 0.158251
0.785000 0.031889 0.156091
0.786000 0.016143 0.157311
0.787000 0.027429 0.160289
0.788000 0.047286 0.160547
0.789000 0.028833 0.159558
0.790000 0.047095 0.159362
0.791000 0.020667 0.158806
0.792000 0.046238 0.158958
0.793000 0.031476 0.158640
0.794000 0.056214 0.158210
0.795000 0.033659 0.157426
0.796000 0.030119 0.159556
0.797000 0.029429 0.158713
0.798000 0.008476 0.158467
0.799000 0.018619 0.157527
0.800000 0.022024 0.157655
0.801000 0.038667 0.159210
0.802000 0.033476 0.158721
0.803000 0.055421 0.158665
0.804000 0.036444 0.157978
0.805000 0.025476 0.158824
0.806000 0.048286 0.159578
0.807000 0.036381 0.158705
0.808000 0.044262 0.160539
0.809000 0.023833 0.158319
0.810000 0.067865 0.157673
0.811000 0.054000 0.159552
0.812000 0.046103 0.158038
0.813000 0.042333 0.159869
0.814000 0.067381 0.159471
0.815000 0.045238 0.159279
0.816000 0.038452 0.158881
0.817000 0.051762 0.157949
0.818000 0.039032 0.159206
0.819000 0.055619 0.156259
0.820000 0.071317 0.159828
0.821000 0.033841 0.156032
0.822000 0.040833 0.159113
0.823000 0.039310 0.158477
0.824000 0.042976 0.159162
0.825000 0.043841 0.157598
0.826000 0.044389 0.158501
0.827000 0.011095 0.158168
0.828000 0.033365 0.158341
0.829000 0.034833 0.158594
0.830000 0.028968 0.157345
0.831000 0.044786 0.158172
0.832000 0.046833 0.158382
0.833000 0.044667 0.159467
0.834000 0.021571 0.157390
0.835000 0.039524 0.158501
0.836000 0.016476 0.157208
0.837000 0.010333 0.157396
0.838000 0.027976 0.156202
0.839000 0.036571 0.158000
0.840000 0.035778 0.158372
0.841000 0.020952 0.157479
0.842000 0.049952 0.159933
0.843000 0.034190 0.159545
0.844000 0.026841 0.156899
0.845000 0.034548 0.157580
0.846000 0.044230 0.159614
0.847000 0.027024 0.157251
0.848000 0.033087 0.158806
0.849000 0.020491 0.155729
0.850000 0.034024 0.159356
0.851000 0.047333 0.159909
0.852000 0.018905 0.157402
0.853000 0.041238 0.158638
0.854000 0.038952 0.159929
0.855000 0.035619 0.159671
0.856000 0.030778 0.157756
0.857000 0.016143 0.159612
0.858000 0.062595 0.157442
0.859000 0.034810 0.159366
0.860000 0.034365 0.158778
0.861000 0.065762 0.159216
0.862000 0.013000 0.159422
0.863000 0.050952 0.161345
0.864000 0.021024 0.158079
0.865000 0.041389 0.158099
0.866000 0.032524 0.158299
0.867000 0.044357 0.157792
0.868000 0.018500 0.158327
0.869000 0.026357 0.157111
0.870000 0.056952 0.158915
0.871000 0.027571 0.158002
0.872000 0.042762 0.158192
0.873000 0.030333 0.159347
0.874000 0.000000 0.158396
0.875000 0.021357 0.155762
0.876000 0.023143 0.157517
0.877000 0.012167 0.157673
0.878000 0.049183 0.159879
0.879000 0.019333 0.160123
0.880000 0.019286 0.159400
0.881000 0.019444 0.157152
0.882000 0.005667 0.158162
0.883000 0.042976 0.157976
0.884000 0.018952 0.157650
0.885000 0.040500 0.159683
0.886000 0.062190 0.161473
0.887000 0.032087 0.159216
0.888000 0.031500 0.157442
0.889000 0.019167 0.158255
0.890000 0.018262 0.156374
0.891000 0.015667 0.156222
0.892000 0.034167 0.158042
0.893000 0.056929 0.157131
0.894000 0.009087 0.157756
0.895000 0.055500 0.160485
0.896000 0.021524 0.157974
0.897000 0.044357 0.158978
0.898000 0.038635 0.158077
0.899000 0.026429 0.158063
0.900000 0.044548 0.157327
0.901000 0.015167 0.156802
0.902000 0.035095 0.160331
0.903000 0.044492 0.155749
0.904000 0.047635 0.159081
0.905000 0.046286 0.158657
0.906000 0.033548 0.157444
0.907000 0.033222 0.157166
0.908000 0.044952 0.158113
0.909000 0.054238 0.159057
0.910000 0.022619 0.157792
0.911000 0.049722 0.159212
0.912000 0.066643 0.158481
0.913000 0.041357 0.158749
0.914000 0.022143 0.158630
0.915000 0.047619 0.157851
0.916000 0.022905 0.159428
0.917000 0.033952 0.158246
0.918000 0.015444 0.157424
0.919000 0.018000 0.156855
0.920000 0.029619 0.157921
0.921000 0.010143 0.157743
0.922000 0.040508 0.157547
0.923000 0.022230 0.159065
0.924000 0.020175 0.157523
0.925000 0.020167 0.157794
0.926000 0.073056 0.159154
0.927000 0.054151 0.158358
0.928000 0.042540 0.158251
0.929000 0.019976 0.157661
0.930000 0.033865 0.159335
0.931000 0.031508 0.158269
0.932000 0.066651 0.158485
0.933000 0.027333 0.158842
0.934000 0.042476 0.157701
0.935000 0.026571 0.157818
0.936000 0.032143 0.156657
0.937000 0.013500 0.155921
0.938000 0.031000 0.156808
0.939000 0.055286 0.159984
0.940000 0.047167 0.156927
0.941000 0.035833 0.158618
0.942000 0.042119 0.158572
0.943000 0.048476 0.158554
0.944000 0.021143 0.159002
0.945000 0.037389 0.156269
0.946000 0.023810 0.157212
0.947000 0.033500 0.158570
0.948000 0.025278 0.156261
0.949000 0.029524 0.158356
0.950000 0.040459 0.156475
0.951000 0.042786 0.158804
0.952000 0.005714 0.156929
0.953000 0.028905 0.156014
0.954000 0.032714 0.156091
0.955000 0.022810 0.157877
0.956000 0.028667 0.157572
0.957000 0.026952 0.156545
0.958000 0.034889 0.158550
0.959000 0.034206 0.156640
0.960000 0.020468 0.156566
0.961000 0.040000 0.159501
0.962000 0.037500 0.159137
0.963000 0.010278 0.157467
0.964000 0.043667 0.159626
0.965000 0.038429 0.159261
0.966000 0.027254 0.156196
0.967000 0.032111 0.158667
0.968000 0.041032 0.159299
0.969000 0.032056 0.157941
0.970000 0.014810 0.157867
0.971000 0.045833 0.157901
0.972000 0.007143 0.156404
0.973000 0.033357 0.158349
0.974000 0.020429 0.156921
0.975000 0.021810 0.158089
0.976000 0.036548 0.158073
0.977000 0.078889 0.158311
0.978000 0.063500 0.159543
0.979000 0.051310 0.158925
0.980000 0.036816 0.156974
0.981000 0.064667 0.159766
0.982000 0.038500 0.158285
0.983000 0.039333 0.159257
0.984000 0.046262 0.157299
0.985000 0.048810 0.157356
0.986000 0.003143 0.157194
0.987000 0.057167 0.158232
0.988000 0.057849 0.158184
0.989000 0.080357 0.157697
0.990000 0.011619 0.158782
0.991000 0.042238 0.158747
0.992000 0.031167 0.158285
0.993000 0.035000 0.159097
0.994000 0.043087 0.159665
0.995000 0.014143 0.156166
0.996000 0.028381 0.159046
0.997000 0.015952 0.157172
0.998000 0.019000 0.158857
0.999000 0.045381 0.158050
